@subtask full
rnd 1 5 1 50
rnd 1 10 1 10
rnd 1 10 1 15
rnd 1 1 1 15
rnd2 1 1 100000000 1000000000
rnd2 10000 100000 100000000 1000000000
rnd2 100000 100000 100000000 1000000000
rnd2 100000 100000 100000000 1000000000
rnd2 100000 100000 100000000 1000000000
rnd2 100000 100000 100000000 1000000000
rnd2 100000 100000 100000000 1000000000
rnd2 100000 100000 100000000 1000000000
rnd2 100000 100000 100000000 1000000000
rnd2 100000 100000 100000000 1000000000
rnd 1 100000 1 1000000000
rnd 1 100000 1 1000000000
rnd 100000 100000 100000000 1000000000
rnd 100000 100000 100000000 1000000000
rnd 100000 100000 100000000 1000000000
rnd 100000 100000 100000000 1000000000
rnd 100000 100000 100000000 1000000000
rnd 100000 100000 100000000 1000000000
rnd 100000 100000 100000000 1000000000
rnd 100000 100000 100000000 1000000000
rnd 100000 100000 100000000 1000000000
rnd 100000 100000 100000000 1000000000
rnd 100000 100000 100000000 1000000000
rnd 100000 100000 100000000 1000000000
rnd 100000 100000 100000000 1000000000
rnd 100000 100000 100000000 1000000000