@subtask full
rnd 1 50 1 10 1 100000
rnd 1 50 1 100 0 0
rnd 1 50 1 100 0 1000
rnd 1 50 1 5 0 0
rnd 1 1 1 1000000000 0 0
rnd 1 1 1 1000000000 1 1000000000
rnd2 1 10 1 5
rnd2 1 50 1 30
rnd2 1 100 1 1000000000
rnd 1 200000 1 100 1 1000
rnd 200000 200000 1 100 1 100
rnd2 200000 200000 1 1000000000 a
rnd2 200000 200000 1 1000000000 b
rnd2 200000 200000 1 1000000000 c
rnd2 200000 200000 1 1000000000 d
rnd3 200000 200000 1 1000000000 e
rnd3 200000 200000 1 1000000000 f
rnd3 200000 200000 1 1000000000 g
rnd3 200000 200000 1 1000000000 h
rnd2 200000 200000 100000000 1000000000 a
rnd2 200000 200000 100000000 1000000000 b
rnd2 200000 200000 100000000 1000000000 c
rnd3 200000 200000 100000000 1000000000 d
rnd3 200000 200000 100000000 1000000000 e
rnd3 200000 200000 100000000 1000000000 f
rnd3 200000 200000 100000000 1000000000 g
rnd3 200000 200000 100000000 1000000000 hh
rnd3 200000 200000 100000000 1000000000 gh
rnd3 200000 200000 100000000 1000000000 hg
rnd3 200000 200000 100000000 1000000000 gg