@subtask full
rnd 1 5 1 500
rnd 1 10 1 100
rnd 1 10 1 150
rnd 1 100 1 1000000000
rnd 1 1 1 15000
rnd 1 100000 1 1000000000
rnd 1 100000 1 1000000000
rnd 100000 200000 100000000 1000000000
rnd 100000 200000 10000 1000000000
rnd 100000 200000 10000000 1000000000
rnd 100000 200000 1000000 1000000000
rnd 100000 200000 10000000 1000000000
rnd 100000 200000 10000000 1000000000
rnd 200000 200000 100000 1000000000
rnd 200000 200000 1000000 1000000000
rnd 200000 200000 10 1000000000
rnd 200000 200000 1000000 1000000000
rnd 200000 200000 1000000 1000000000
rnd 200000 200000 1000000 1000000000
rnd 200000 200000 100 1000000000
rnd 200000 200000 1000 1000000000
rnd 200000 200000 100000 1000000000
rnd 200000 200000 1000000000 1000000000
rnd 200000 200000 100000000 1000000000
rnd 200000 200000 1 1000000000
rnd 200000 200000 1000 1000000000
rnd 200000 200000 1000 1000000000
rnd 200000 200000 1000 1000000000
rnd 200000 200000 100000 1000000000
rnd 200000 200000 100000 1000000000