@subtask full
rnd 1 5 2 50 5 10 1 100
rnd 1 10 1 5 1 15 1 10 
rnd 1 10 1 5 1 15 1 10
rnd 1 10 1 5 1 15 1 10
rnd 1 10 1 5 1 15 1 10
rnd 1 10 1 5 1 15 1 10
rnd 1 10 1 5 1 15 1 10
rnd 1 1000000 1 1000000 1 10000 1 1000000
rnd 1 1000000 1 1000000 1 10000 1 1000000
rnd 1 1000000 1 1000000 1 10000 1 1000000
rnd 1 1000000 1 1000000 1 10000 1 1000000
rnd 1 1000000 1 1000000 1 10000 1 1000000
rnd 1 1000000 1 1000000 1 10000 1 1000000
rnd 1 1000000 1 1000000 1 10000 1 1000000
rnd 1 1000000 1 1000000 1 10000 1 1000000
rnd 1 1000000 1 1000000 1 10000 1 1000000
rnd 1 1000000 1 1000000 1 10000 1 1000000
rnd 1 1000000 1 1000000 1 10000 1 1000000
rnd 1 1000000 1 1000000 1 10000 1 1000000
rnd 1 1000000 1 1000000 1 10000 1000000 1000000
rnd 1000000 1000000 100000 1000000 10000 10000 1 1000000
rnd 1000000 1000000 100000 1000000 10000 10000 1 1000000
rnd 1000000 1000000 1 1000000 10000 10000 1 1000000
rnd 1000000 1000000 1 1000000 10000 10000 1 1000000
rnd 1000000 1000000 1 1000000 10000 10000 1 1000000
rnd 1 2 1 1000000 1 5 1 1000000
rnd 1 2 1 1000000 1 5 1 1000000
rnd 1 2 1 1000000 1 5 1 1000000
rnd 1 2 1 1000000 1 5 1 1000000
rnd 1 2 1 1000000 1 5 1 1000000