@subtask full
rnd 1 10 1 1000000 1 5
rnd 1 1 1 1000000000 1 1000000000
rnd 100000 100000 1 1000000000 1 1
rnd 100000 100000 1 1000000000 1 10
rnd 100000 100000 1 1000000000 1 100
rnd 100000 100000 1 1000000000 1 1000
rnd 100000 100000 1 1000000000 1 10000
rnd 100000 100000 1 1000000000 1 100000
rnd 100000 100000 1 1000000000 1 1000000
rnd 100000 100000 1 1000000000 1 10000000
rnd 100000 100000 1 1000000000 1 100000000
rnd 100000 100000 1 1000000000 1 1000000000 a
rnd 100000 100000 1 1000000000 1 1000000000 b
rnd 100000 100000 1 1000000000 1 1000000000 c
rnd 100000 100000 1 1000000000 100000000 1000000000 
rnd 100000 100000 100000000 1000000000 1 1000000000
rnd 100000 100000 100000000 1000000000 100000000 1000000000
rnd 100000 100000 1 1 1 1000000000
rnd 100000 100000 1 10 1 1000000000
rnd 100000 100000 1 100 1 1000000000
rnd 100000 100000 1 1000 1 1000000000
rnd 100000 100000 1 10000 1 1000000000
rnd 100000 100000 1 100000 1 1000000000
rnd 100000 100000 1 1000000 1 1000000000
rnd 100000 100000 1 10000000 1 1000000000
rnd 100000 100000 1 100000000 1 1000000000
rnd 100000 100000 1 1000000000 1 1000000000
rnd 100000 100000 1000 1000000000 1000 1000000000
rnd 100000 100000 10000 1000000000 10000 1000000000
rnd 100000 100000 1000000 1000000000 10 1000000000